9.60291 -16.5864 10.3376
9.40157 -16.3769 13.8245
9.48567 -16.1597 18.3226
9.48761 -16.2332 22.3909
9.48269 -16.2337 26.3889
9.48233 -16.2341 30.3893
9.67003 -12.3193 10.4474
9.52418 -12.2951 14.0595
9.4849 -12.4301 18.4253
9.5053 -12.1991 22.3019
9.48833 -12.2342 26.3854
9.48265 -12.2333 30.3884
9.60059 -8.32583 10.3745
9.62994 -8.10183 14.2765
9.8123 -7.64169 18.6041
9.3957 -7.66415 21.9198
9.44413 -8.22764 26.369
9.50132 -8.23224 30.3762
9.48351 -4.23577 10.3896
9.48947 -4.2437 14.3906
9.57069 -4.55199 18.564
9.7441 -4.28641 22.2894
9.41298 -4.07164 26.2549
9.47222 -4.24026 30.376
9.48247 -0.235051 10.3904
9.48954 -0.248024 14.4105
9.49155 -0.254959 18.3839
9.64789 -0.358933 22.7151
9.37962 -0.15314 26.0705
9.63035 -0.100444 30.3138
9.48218 3.76579 10.3894
9.48232 3.76463 14.3902
9.48284 3.75631 18.3923
9.48849 3.77155 22.401
9.57472 4.20719 26.5911
10.1409 4.40997 30.5295
9.48218 7.7658 10.3894
9.48218 7.7658 14.3894
9.4822 7.76562 18.3895
9.4828 7.76588 22.3909
9.66935 7.78712 26.5201
9.84812 7.79678 30.3427
9.48218 11.7658 10.3894
9.48218 11.7658 14.3894
9.48218 11.7658 18.3894
9.48321 11.7648 22.391
9.49447 11.7581 26.3948
9.51969 11.7276 30.3867
13.2895 -16.3971 10.4118
13.3849 -16.487 14.1461
13.6112 -16.2546 18.503
13.6988 -15.9165 22.1999
13.4884 -16.2151 26.3767
13.4822 -16.2337 30.389
13.4304 -12.1535 10.4319
13.7912 -12.5187 13.5949
13.7105 -11.8978 18.9396
13.7113 -12.9964 21.8963
13.6262 -12.155 26.3509
13.4898 -12.2082 30.3565
13.5294 -8.56388 10.5892
13.8223 -7.91114 14.1741
13.1922 -7.23161 18.181
13.7908 -8.64463 22.5541
13.5304 -8.46155 26.983
13.633 -8.15092 30.0588
13.4896 -4.24609 10.4005
13.5333 -4.38214 14.4139
13.454 -4.71671 18.5842
12.857 -4.09684 21.8994
13.0623 -3.58457 26.0866
13.67 -4.5145 30.7706
13.4818 -0.23477 10.3901
13.4728 -0.242369 14.4002
13.4809 -0.242606 18.3985
13.3439 -0.268496 22.4761
13.6514 -0.135256 27.1204
13.2973 1.08176 29.6806
13.4822 3.76579 10.3894
13.4819 3.76515 14.3898
13.4807 3.76287 18.3904
13.4754 3.76474 22.4169
13.9007 5.20146 27.3365
15.124 5.12809 30.1343
13.4822 7.7658 10.3894
13.4822 7.7658 14.3894
13.4821 7.76567 18.3895
13.4933 7.75886 22.4078
15.9031 7.52078 28.4196
17.241 6.60871 30.0183
13.4822 11.7658 10.3894
13.4822 11.7658 14.3894
13.4822 11.7658 18.3894
13.485 11.7628 22.399
13.5546 11.6344 26.439
13.5637 11.5072 30.3208
