1.65295 -1.10557 -0.00553794
1.06502 0.114687 0.301396
-0.119291 0.210648 -0.650393
0.051842 -0.0780091 0.0285332
0.036817 0.0059723 -0.0407086
0.00385287 0.0205284 -0.0171693
0.120691 0.998514 0.464131
0.446882 -0.277244 0.995061
0.288679 0.291326 -0.276656
-0.0238276 0.485334 0.11042
0.0600179 -0.130276 -0.104519
0.0348654 -0.0211488 0.0193744
-0.422982 0.345004 -0.223085
-0.237986 -0.139544 -0.0163037
-0.178264 1.17342 -0.502168
0.402547 0.505764 -0.347283
0.140067 0.0287401 -0.0340974
0.141422 -0.151934 0.210505
0.115445 -0.10848 0.00837356
0.0879873 -0.0682149 0.0674784
-0.0583692 0.596935 -0.404548
0.189735 1.50312 -1.85297
0.990895 -0.122733 -0.171477
0.218668 -0.213322 -0.0170997
0.0411197 -0.046939 0.0298893
0.153512 -0.310468 0.190764
0.126842 -0.529373 0.364414
-0.205487 0.642334 -0.797229
-0.0201452 0.683674 -0.871495
0.637012 -0.4811 -0.347112
0.00148074 -0.00358495 0.00318544
0.0184406 -0.0531081 0.0349173
0.0493021 -0.169645 0.145746
-0.134154 0.0761672 0.0396498
-0.0848239 -0.295379 -0.370348
0.950033 -1.05768 -0.763544
-0.000153977 0.00027413 -0.000175305
0.000144451 -0.00114374 -0.00020681
0.00676125 -0.014511 0.0185685
0.0558184 -0.00926416 0.0574129
0.198606 0.00549679 -0.662823
0.43377 0.0887538 -1.21733
-1.04681e-05 3.08287e-05 -2.5993e-05
-0.00038325 0.000374749 -0.000487062
-0.00236115 0.000422561 0.00181526
0.0423355 -0.0453858 0.0492419
0.234482 -0.109687 -0.0191904
0.356451 0.0710842 -0.308307
0.966998 -0.248517 0.0666928
0.887313 0.366619 -0.247712
0.106064 -1.05913 -0.21183
0.183711 -1.0365 0.868597
0.105315 -0.13756 0.00294701
0.0147223 0.0495855 -0.0461664
-0.926047 1.66213 0.344172
-1.05584 0.535557 0.590157
-0.740237 1.54724 0.688489
-0.246884 -0.357061 0.916254
0.209721 -1.10516 0.28135
0.124827 -0.173002 0.166994
-1.49779 0.71778 -0.434511
-2.26075 0.404238 -0.107924
-1.68601 2.13423 -0.273673
-0.200159 0.699573 -0.109261
0.15307 -0.445167 0.555419
0.485492 -0.889521 1.03245
-0.146324 -0.0478529 0.0126894
-0.552137 0.178449 0.0293204
-0.726933 1.03954 -0.598956
-0.117557 0.994933 -1.2101
0.515509 -0.526305 -0.573582
0.445674 -1.25437 0.786257
0.0210946 -0.0449912 0.0279219
0.0401107 -0.252185 0.144688
-0.170523 -0.243075 0.117539
-0.556867 0.685353 -0.554304
0.200567 -1.04718 -0.635235
0.401806 -2.09269 -0.418332
0.000379438 -0.00252976 0.00209999
0.00388388 -0.0404174 0.0254464
-0.0321676 -0.094774 0.0872456
-0.334779 0.191172 0.00133965
-0.237279 -1.81287 -0.451287
-1.5681 -3.68366 1.33993
-0.000164661 0.000365672 -0.00024236
-0.000200767 -0.000882871 -0.000467904
0.00367599 -0.0166113 0.0166772
0.0694856 0.177561 -0.0871909
0.130159 4.41428 -0.196955
-0.0252699 5.60146 2.4377
-1.19613e-05 4.13589e-05 -3.16215e-05
-0.000509906 0.00038475 -0.000520346
-0.001957 -0.0055253 0.0033758
0.120635 -0.139703 0.0745546
0.685451 -0.184498 0.0505133
0.933415 -0.0402781 -0.578717
